game.Players.LocalPlayer.Character.HumanoidRootPart.CFrame = CFrame.new(304.601959, 2746.84033, -2361.66846, 0.0539923161, 0.0510458983, -0.997235775, -7.3315447e-09, 0.998692513, 0.0511204638, 0.998541355, -0.00276010507, 0.0539217219)


wait(.7)
game.Players.LocalPlayer.Character.HumanoidRootPart.CFrame = CFrame.new(1129.63196, 2744.30957, -2596.8855, -0.633501828, 0.0664181262, -0.770885289, 9.66617186e-09, 0.996308923, 0.0858402252, 0.773741186, 0.0543799289, -0.631163478)


wait(.7)
game.Players.LocalPlayer.Character.HumanoidRootPart.CFrame = CFrame.new(304.601959, 2746.84033, -2361.66846, 0.0539923161, 0.0510458983, -0.997235775, -7.3315447e-09, 0.998692513, 0.0511204638, 0.998541355, -0.00276010507, 0.0539217219)
